0	0	0	25	0	12	24	21	17	13	0	14	15	0	0	20	1	2	0	8	18	3	0	0	0	
12	24	21	0	0	0	14	15	0	0	20	1	0	16	8	0	0	23	19	0	0	0	10	25	22	
0	0	15	4	6	0	1	2	0	8	18	0	0	0	11	0	9	10	25	22	0	0	0	0	13	
0	1	0	16	0	18	0	23	0	0	0	9	0	0	22	12	24	0	17	13	0	14	15	4	6	
0	0	23	0	11	0	9	0	0	0	12	24	21	0	13	0	0	15	0	6	0	1	2	16	8	
0	5	0	0	25	0	0	0	10	0	0	0	14	21	0	8	20	0	15	16	0	18	3	2	19	
13	12	24	10	0	0	0	14	21	0	8	0	1	15	0	0	0	3	2	19	22	5	9	0	0	
6	0	14	0	0	0	0	0	15	16	11	0	3	0	19	0	5	9	23	0	13	12	24	10	17	
8	20	0	0	0	11	0	0	0	0	0	0	9	23	25	13	12	24	0	0	0	0	14	21	0	
11	18	3	0	19	22	0	9	23	0	0	12	24	10	0	0	7	14	21	4	8	20	0	15	16	
9	10	17	0	0	0	21	0	13	0	0	15	16	6	7	0	0	19	8	0	3	23	25	0	0	
24	0	0	13	12	14	15	0	0	7	0	2	0	0	0	0	23	0	0	18	9	10	0	0	5	
0	0	0	6	0	1	2	19	0	20	3	23	25	11	0	0	0	0	0	0	24	21	4	0	0	
1	2	0	8	0	3	0	0	0	0	0	10	0	22	0	0	0	4	0	12	0	15	0	6	0	
0	23	0	11	18	9	0	0	22	0	24	21	4	0	0	0	0	0	6	7	0	0	19	8	0	
25	22	0	0	0	0	13	0	0	0	4	0	0	0	21	0	0	20	14	0	19	0	18	0	2	
17	0	12	0	10	0	6	7	0	0	0	8	0	0	15	19	11	18	1	0	0	0	0	3	23	
0	0	0	24	21	16	0	0	14	0	19	11	0	0	0	0	0	5	0	23	17	13	12	9	10	
16	8	0	0	0	0	0	18	1	2	0	0	5	3	0	0	13	0	9	10	4	6	7	24	21	
19	0	18	0	2	0	0	0	3	23	17	0	12	0	0	0	6	0	0	21	16	0	0	14	15	
0	25	22	0	0	0	0	13	5	9	21	4	6	12	24	15	16	0	7	0	2	0	0	0	0	
0	17	0	0	9	21	4	6	0	0	0	16	8	7	0	0	19	11	0	1	23	25	22	18	3	
0	4	6	12	0	0	0	0	0	14	2	19	0	0	0	23	0	0	0	0	10	0	13	5	0	
15	16	0	0	0	0	19	11	20	1	23	25	22	0	3	0	17	0	5	0	21	0	0	12	24	
2	19	11	0	0	23	25	22	18	0	10	0	0	0	0	21	0	0	12	0	15	0	8	7	14	

0	0	17	0	12	0	0	4	6	0	1	2	16	0	0	3	0	0	11	18	9	0	0	0	0	
14	15	4	0	7	0	2	0	8	20	3	0	19	0	0	9	0	0	0	0	0	21	0	0	12	
0	0	0	8	0	0	0	19	0	18	0	10	0	22	0	24	0	0	13	12	14	15	0	0	7	
0	0	0	11	18	9	10	0	0	5	24	21	0	13	12	0	15	4	0	7	1	0	0	8	0	
9	10	25	22	0	24	0	17	13	12	14	0	0	0	0	0	2	0	8	0	0	0	19	11	18	
12	0	10	17	0	7	14	21	0	0	20	0	0	16	0	18	0	2	0	11	0	0	0	25	0	
0	0	21	4	0	20	1	0	0	0	0	3	2	19	11	0	9	23	25	0	12	0	10	0	0	
0	1	15	0	8	0	0	0	19	11	5	9	23	25	22	0	24	10	17	0	7	0	0	0	0	
18	3	2	19	11	5	0	23	0	0	12	0	0	17	0	7	0	21	4	0	20	0	15	0	0	
5	9	23	25	22	0	0	10	0	13	7	0	0	0	6	0	0	15	0	0	18	3	0	19	0	
0	0	13	12	0	0	0	0	7	14	0	0	8	0	1	0	25	11	18	0	0	0	0	5	0	
15	0	0	7	14	2	0	0	20	1	23	0	0	18	3	0	17	22	0	9	21	4	0	12	24	
0	0	0	20	0	23	0	11	18	3	10	17	22	0	0	21	0	0	12	0	15	16	6	7	0	
23	0	11	0	3	0	0	0	5	9	21	4	13	12	0	0	16	6	0	14	2	19	8	20	1	
0	17	22	5	9	0	4	13	12	24	15	0	6	7	14	2	0	8	20	1	23	0	0	0	0	
13	12	9	0	17	6	7	24	21	4	8	20	0	15	0	11	0	0	0	19	0	0	3	0	25	
6	7	24	21	4	8	0	14	15	0	11	18	0	0	19	22	5	0	23	25	13	0	9	10	0	
0	20	14	15	0	11	0	1	2	19	0	5	3	0	25	0	0	0	0	17	6	7	24	21	4	
11	18	1	2	19	0	0	0	23	25	13	12	0	0	17	6	0	24	21	4	0	0	14	0	0	
0	5	0	0	25	0	12	9	0	0	0	7	0	0	0	0	20	0	15	16	11	18	0	0	19	
0	0	0	9	0	4	6	12	24	0	0	0	7	14	0	0	0	0	0	0	25	22	0	0	0	
4	6	0	24	0	16	8	7	14	15	19	0	20	0	0	0	0	18	0	0	0	13	0	0	10	
16	8	7	14	15	0	0	0	1	0	25	22	18	3	23	0	13	0	0	0	4	6	0	24	21	
0	11	0	0	0	25	0	0	0	0	0	13	5	0	10	4	6	12	0	0	0	0	7	0	0	
0	0	18	3	0	17	13	0	9	10	0	6	0	0	0	16	8	0	14	15	19	11	20	0	2	

0	4	6	0	0	0	16	0	20	1	23	19	11	0	3	10	25	0	0	0	0	0	13	0	0	
2	0	0	0	1	0	0	11	18	3	0	25	22	5	0	0	0	13	12	24	15	0	0	0	0	
23	19	11	0	3	10	25	0	5	0	0	0	13	0	0	15	4	0	7	0	0	16	8	0	1	
0	0	0	5	9	21	0	0	12	24	15	4	0	0	14	2	16	0	20	1	0	19	11	0	0	
0	17	13	12	0	15	4	6	0	0	2	16	8	0	0	23	0	11	18	0	10	25	22	5	9	
0	0	4	0	7	1	0	16	8	20	3	0	19	11	18	9	23	25	0	0	24	0	0	0	0	
1	15	16	0	0	0	0	19	0	18	9	23	0	0	5	24	0	17	13	12	14	21	4	6	7	
3	0	19	0	0	0	0	0	22	5	0	0	0	0	12	0	21	0	0	7	0	0	16	8	20	
0	0	0	22	0	24	10	17	0	0	0	0	4	6	7	1	15	0	8	0	3	0	0	11	18	
0	10	17	0	12	0	21	4	0	7	1	0	0	0	0	0	0	0	11	0	9	23	25	22	5	
0	6	0	0	15	0	8	20	1	2	25	11	18	0	23	17	0	5	0	10	0	13	12	24	0	
0	8	20	1	2	0	11	0	0	0	17	22	5	0	0	4	13	12	24	0	0	6	7	0	0	
25	11	18	3	0	0	22	5	0	10	0	0	12	24	21	0	0	0	0	15	19	0	20	1	2	
17	22	0	9	10	0	0	12	24	21	0	6	0	14	0	19	0	20	1	0	0	11	18	0	23	
0	0	12	0	21	0	6	7	14	0	19	8	20	0	2	0	11	0	0	0	17	0	5	9	10	
7	0	21	0	6	0	14	15	16	0	18	0	2	19	11	5	0	0	25	0	0	0	10	17	0	
20	0	0	0	0	18	1	2	0	11	5	0	23	25	22	12	9	10	0	13	0	24	21	4	0	
18	1	0	0	0	0	3	23	25	0	0	0	10	17	0	0	0	21	0	6	20	0	15	16	0	
0	3	0	0	22	12	9	0	0	0	7	24	21	0	6	20	14	0	0	0	18	1	2	19	11	
12	9	10	17	13	7	24	21	4	6	20	14	15	16	0	18	0	0	0	11	0	3	0	25	0	
0	0	24	21	4	8	0	0	15	0	11	0	1	0	0	0	18	3	23	25	13	5	9	0	17	
0	7	14	15	0	11	20	0	0	19	0	18	0	23	0	13	5	9	0	17	0	0	0	21	0	
0	20	1	0	0	22	0	0	23	0	0	0	0	10	17	0	12	0	21	4	0	7	0	15	0	
22	0	3	23	0	0	5	0	10	17	6	0	0	0	4	8	0	14	15	0	0	0	1	2	0	
13	0	9	10	0	6	0	0	0	4	0	7	0	0	16	11	20	0	2	0	0	0	3	23	25	

16	0	20	1	2	19	0	18	0	23	25	0	5	0	0	17	0	0	24	0	4	0	7	0	15	
19	0	0	3	0	0	0	5	9	10	0	13	12	24	0	4	0	0	14	15	16	8	0	1	2	
0	22	5	9	10	17	13	12	24	0	4	6	7	14	15	16	0	20	1	2	0	0	0	3	0	
0	13	0	24	21	4	0	7	0	0	0	0	0	1	0	0	0	18	0	0	25	22	0	9	0	
4	0	0	14	0	16	8	20	0	2	0	11	0	3	23	0	22	5	9	10	0	0	12	0	0	
15	16	8	20	1	0	0	0	0	3	23	0	22	0	9	0	17	13	0	0	0	4	6	0	0	
2	19	11	18	0	0	25	22	0	0	10	17	0	12	24	21	4	0	7	14	0	16	8	20	1	
23	0	22	5	0	10	17	0	12	0	21	0	0	7	14	0	16	8	20	0	2	19	0	0	0	
0	17	13	0	24	21	4	6	0	14	15	0	8	20	1	2	19	11	18	0	23	0	22	0	9	
0	0	6	0	14	0	0	8	0	1	0	0	0	0	0	0	0	0	0	9	10	17	13	12	0	
0	0	1	0	0	11	18	3	23	25	0	5	0	10	0	13	0	0	0	4	6	7	0	0	16	
0	18	3	23	25	0	0	9	10	17	0	12	24	21	4	6	7	14	0	16	8	0	0	0	19	
22	5	0	0	0	0	12	0	21	4	6	7	14	15	0	0	20	0	0	0	0	0	3	0	0	
13	12	0	0	4	6	7	14	0	16	0	20	0	0	0	11	18	3	23	25	0	0	9	10	17	
6	0	0	0	0	8	0	1	0	19	11	18	0	0	0	22	5	9	10	0	13	12	0	21	4	
14	15	16	0	20	1	0	0	0	18	3	0	0	22	5	9	0	0	0	12	0	21	0	0	0	
1	0	19	0	18	0	0	25	0	0	9	10	0	13	12	0	21	4	0	7	14	0	16	8	0	
0	23	25	0	5	9	0	17	0	12	24	21	0	0	0	0	0	16	8	20	1	0	0	11	0	
9	0	0	0	0	24	21	4	6	0	0	15	0	8	20	1	2	19	0	18	0	0	25	22	5	
0	0	0	6	0	14	15	16	0	20	1	2	19	0	0	0	0	25	0	5	9	0	0	0	12	
0	0	0	0	8	0	0	0	0	0	18	3	0	0	22	0	9	0	17	13	0	0	0	4	6	
20	0	0	19	11	18	3	0	25	0	5	0	0	0	13	0	24	21	4	6	7	0	0	0	0	
18	3	23	25	0	0	9	10	0	13	12	0	0	4	6	7	14	0	16	0	0	0	0	19	0	
0	0	0	0	13	0	24	21	4	6	0	0	15	0	8	20	0	2	0	11	0	3	23	0	0	
12	0	0	0	6	7	0	15	16	0	0	0	0	0	0	0	3	0	0	0	0	9	10	17	13	

0	18	3	23	0	0	5	0	0	0	0	12	24	0	0	6	7	14	0	4	8	0	0	0	16	
0	5	0	10	0	0	0	0	0	0	6	0	14	0	0	0	0	0	0	16	0	18	3	0	0	
13	12	24	21	0	0	7	0	0	4	0	20	1	2	0	0	0	0	23	19	0	0	9	10	25	
0	0	14	0	0	8	20	0	0	16	0	0	0	23	19	22	5	9	10	25	13	0	24	21	0	
0	20	0	2	16	0	18	0	0	19	0	0	9	0	25	0	0	24	21	17	0	7	14	0	0	
0	11	18	0	0	0	0	0	0	23	17	0	12	24	0	0	6	7	14	21	16	0	0	0	15	
0	0	0	9	23	17	0	0	0	10	4	0	0	14	0	16	8	0	0	15	19	11	0	3	2	
0	13	0	0	0	4	6	7	14	21	0	8	20	1	0	19	11	18	3	0	0	22	5	9	0	
4	6	0	14	0	16	0	0	1	15	19	11	18	0	2	25	22	0	9	23	17	0	12	0	0	
0	8	0	0	0	19	0	0	3	0	25	0	5	0	0	0	13	0	0	10	4	6	0	14	0	
18	3	23	25	0	5	9	10	17	22	12	24	21	4	13	7	14	0	0	0	20	0	2	0	0	
5	9	0	17	22	0	0	0	4	13	0	14	15	16	0	20	0	2	0	0	18	3	23	0	0	
0	0	21	4	0	0	0	0	0	6	20	1	2	19	8	18	3	0	0	11	0	0	10	17	22	
0	0	0	0	0	0	1	2	19	8	0	3	0	0	0	0	9	0	0	0	0	24	21	0	13	
0	1	2	0	8	0	3	0	25	0	0	9	0	0	0	12	24	0	4	0	0	14	0	16	0	
0	19	0	0	0	0	0	0	5	0	10	17	13	12	0	21	0	0	0	0	15	16	8	20	14	
23	0	22	0	0	0	17	0	0	9	0	4	0	7	24	0	0	8	0	14	2	0	11	0	1	
10	0	13	12	9	21	0	6	7	0	0	16	0	20	14	2	19	0	0	1	0	25	22	0	3	
21	4	6	7	24	15	16	0	0	14	0	19	0	18	0	0	0	22	5	3	10	17	0	12	0	
15	0	0	20	14	0	19	0	18	1	0	25	0	5	3	0	17	0	12	0	21	4	0	0	0	
0	0	19	0	20	3	23	0	0	0	0	0	17	0	5	0	21	0	0	12	0	0	16	0	0	
3	0	25	22	0	0	10	0	13	0	0	21	4	6	0	14	15	16	0	7	0	0	0	11	20	
9	0	17	13	0	24	0	0	0	0	0	0	16	0	7	0	0	19	11	20	3	23	25	22	18	
0	0	4	6	12	14	0	0	0	7	0	0	0	0	20	3	23	25	0	0	0	0	0	13	5	
14	15	16	0	0	0	2	0	11	0	3	23	0	0	18	0	10	17	0	0	24	21	4	6	0	

0	22	0	9	10	0	13	0	24	0	0	0	7	14	0	0	0	0	1	0	19	0	0	3	23	
17	13	0	0	0	0	6	0	0	0	0	8	0	1	2	19	0	0	0	23	0	22	5	9	10	
0	6	7	0	0	0	0	20	0	2	19	11	18	3	23	25	0	5	0	10	17	13	0	24	0	
16	8	20	1	0	19	11	18	3	23	25	22	0	9	0	17	0	0	0	21	4	0	7	0	0	
19	0	0	3	23	0	22	5	0	0	0	13	0	24	21	0	6	0	0	15	16	8	20	1	2	
23	25	22	0	0	10	17	13	12	0	21	0	0	7	14	0	16	8	0	0	2	0	11	18	3	
0	17	13	12	24	21	4	0	7	0	0	16	0	0	1	0	19	0	0	3	23	25	22	0	0	
21	0	6	0	0	0	16	8	20	1	2	0	11	18	3	23	25	0	0	0	0	17	13	0	24	
15	16	0	0	1	2	0	11	18	3	23	0	0	5	0	0	0	0	0	0	0	4	6	7	0	
2	0	0	18	0	23	0	22	0	9	0	17	13	12	24	0	4	6	7	14	15	0	8	0	0	
22	0	0	0	17	13	0	0	0	0	0	7	0	15	0	0	20	0	2	19	0	0	0	23	25	
13	0	0	0	0	6	0	0	15	0	8	20	0	2	19	0	0	0	0	0	22	5	0	10	17	
6	0	0	0	16	0	20	1	0	19	0	18	0	23	0	22	0	9	10	17	13	12	24	21	4	
0	20	1	0	0	0	18	3	23	0	22	5	0	10	17	0	12	0	21	0	0	7	14	0	0	
0	0	0	0	0	0	0	0	10	0	0	12	0	21	0	6	0	14	15	16	8	0	1	2	19	
3	0	25	22	0	9	0	17	13	0	0	0	0	6	0	14	0	0	0	0	1	2	0	11	18	
9	10	17	0	0	24	21	4	6	7	14	15	16	8	0	0	2	0	11	0	3	0	0	22	0	
0	0	0	0	7	0	15	0	8	0	1	2	19	11	18	0	0	25	22	5	0	0	0	0	12	
0	15	0	8	0	0	2	0	0	0	0	23	0	22	0	9	10	17	0	12	0	0	4	6	7	
0	2	0	11	18	0	23	25	22	5	9	0	17	0	0	0	21	0	0	7	14	15	0	8	20	
18	0	23	0	0	5	9	0	0	13	0	24	21	4	0	7	0	15	16	8	20	1	2	19	0	
5	9	0	0	0	12	24	0	0	0	7	14	15	16	8	20	1	2	19	0	18	3	23	25	22	
12	24	21	0	0	0	14	0	16	0	20	0	2	0	0	0	0	23	25	22	5	9	0	17	13	
0	0	15	16	0	20	1	2	0	11	18	0	0	25	0	5	9	10	0	13	0	24	0	4	6	
0	1	0	19	0	18	0	23	0	22	5	0	0	17	0	0	24	21	0	6	0	0	15	0	8	

0	12	24	0	17	6	7	14	15	4	0	0	1	0	0	0	0	3	0	0	22	0	9	10	0	
6	0	14	15	4	0	0	0	0	16	11	0	0	23	19	0	5	0	10	0	0	0	0	0	0	
8	20	1	2	0	0	18	3	0	19	0	5	0	10	0	13	0	24	21	17	6	7	14	0	4	
0	18	0	23	0	22	0	9	10	0	0	12	24	21	0	0	7	14	15	0	8	20	0	0	16	
22	5	0	0	25	0	12	24	21	17	6	0	14	0	4	8	0	0	2	0	0	0	0	0	19	
17	13	0	24	0	0	0	0	14	21	16	0	0	0	15	0	0	0	3	0	0	22	0	9	0	
4	6	0	14	21	0	8	0	1	0	0	0	18	3	2	25	0	0	0	23	17	13	12	24	0	
0	0	0	1	15	19	11	0	0	2	25	0	5	0	0	17	13	0	24	0	0	6	7	14	21	
0	0	18	3	0	25	22	5	0	0	17	0	12	0	10	0	0	0	0	21	16	0	20	0	15	
25	0	0	9	23	0	0	0	24	0	0	6	7	0	0	0	8	0	1	15	19	0	0	3	2	
0	0	21	4	0	7	0	15	0	6	0	0	0	19	0	18	0	23	0	11	5	9	0	0	0	
0	0	15	16	6	20	1	0	19	0	18	0	23	0	11	5	9	0	17	22	12	24	21	4	13	
0	0	2	0	0	18	3	0	0	11	0	9	0	0	22	12	0	0	0	13	7	14	0	16	6	
0	3	0	25	0	5	9	10	17	0	12	24	21	0	0	7	0	15	16	6	20	1	2	19	8	
5	9	10	0	0	12	24	0	4	0	0	14	0	0	0	0	1	2	19	0	0	3	0	25	11	
0	0	0	0	0	0	0	6	0	0	15	0	0	20	0	0	0	0	0	1	23	25	22	5	0	
0	4	6	7	24	0	0	0	20	0	0	0	0	18	0	0	0	0	0	3	0	17	13	12	9	
0	16	8	20	0	2	0	0	0	1	23	0	22	0	0	10	17	13	0	9	0	0	0	0	24	
0	19	0	18	0	23	0	22	5	3	10	17	13	0	9	21	4	0	7	24	15	16	8	20	14	
23	0	0	0	3	10	0	0	12	0	21	0	6	0	0	15	0	8	20	14	2	0	0	0	1	
9	10	17	13	5	24	0	4	6	12	14	15	16	8	7	1	0	0	11	0	0	23	0	22	18	
24	0	0	6	0	0	0	16	8	7	1	0	0	11	20	0	23	0	0	18	0	10	17	13	5	
0	15	0	8	7	1	2	0	11	0	3	0	25	0	0	9	10	0	13	0	0	21	4	0	12	
1	0	0	0	0	3	23	0	22	0	9	10	0	0	5	0	21	0	0	0	14	0	0	0	0	
3	23	25	22	0	9	10	17	0	5	0	21	0	6	12	0	15	0	8	7	1	0	19	0	20	

0	0	15	4	6	0	0	0	0	0	0	3	23	19	11	0	0	10	0	22	0	24	21	0	0	
20	0	0	16	0	0	3	23	19	11	0	9	0	25	22	0	0	21	17	0	0	0	15	4	0	
18	0	0	19	11	5	9	10	25	22	12	0	21	17	13	7	14	15	0	6	0	1	2	0	8	
0	0	10	0	0	0	0	21	0	0	0	0	15	4	6	0	1	2	0	8	0	0	23	19	0	
12	24	0	17	13	7	0	0	4	0	0	0	2	0	0	0	0	0	0	11	5	9	10	25	0	
6	7	0	21	4	8	20	1	15	16	0	0	0	2	0	22	5	0	23	0	13	0	24	10	17	
0	0	1	0	0	0	18	0	2	19	22	5	0	23	25	13	12	24	0	0	0	7	0	0	0	
11	0	0	2	19	0	0	0	0	25	0	0	0	0	17	6	0	0	0	4	8	20	0	15	0	
0	0	0	23	0	0	0	0	0	0	0	7	14	0	0	0	0	0	15	16	0	0	3	0	19	
13	12	24	10	0	6	0	0	21	4	0	0	1	0	16	0	18	3	0	0	22	5	0	0	25	
14	15	16	0	7	1	2	19	8	20	3	0	25	11	18	9	0	0	22	5	0	0	4	13	0	
0	0	0	8	20	3	23	25	11	18	0	10	0	22	5	24	21	4	13	0	14	15	16	6	0	
3	0	25	11	18	9	10	17	22	0	24	21	4	13	12	0	15	0	6	7	0	2	0	8	0	
0	0	17	0	5	24	21	0	13	0	14	0	0	6	0	0	2	0	8	0	3	0	25	0	0	
24	21	0	13	0	14	15	16	0	7	0	0	0	8	20	0	23	25	11	0	9	10	17	0	5	
4	0	0	24	21	0	8	20	0	15	19	0	0	1	0	0	22	0	3	0	0	13	0	0	0	
0	0	20	0	15	19	11	18	1	2	25	22	0	3	23	17	13	12	9	0	0	6	0	0	0	
0	0	0	1	0	0	0	5	3	0	0	13	12	9	10	4	6	0	0	21	0	0	20	0	0	
25	22	0	0	23	17	0	0	0	0	0	6	0	24	21	16	0	20	14	15	0	0	0	0	0	
17	13	0	9	0	0	0	7	0	0	0	8	20	0	15	0	0	0	1	2	0	22	0	3	23	
0	4	6	12	24	15	16	8	7	14	0	19	11	20	1	0	25	0	0	3	10	0	0	0	9	
15	0	8	7	0	2	0	11	0	1	23	25	22	18	3	0	17	13	0	0	0	0	0	0	24	
0	19	0	20	1	0	25	22	0	0	10	17	13	5	9	21	0	6	12	24	15	16	8	0	14	
23	0	0	18	0	0	17	13	5	0	21	0	6	0	24	15	0	8	0	14	0	0	11	20	0	
0	0	0	0	0	21	4	0	12	24	0	0	8	0	14	2	0	11	20	1	0	0	0	0	0	

1	2	16	8	20	0	0	19	11	18	0	0	0	22	0	0	21	17	0	0	14	0	0	6	7	
3	23	19	11	0	9	10	25	0	5	24	21	0	0	12	14	15	0	0	7	1	2	16	8	0	
0	10	25	22	5	24	0	17	0	12	0	0	4	0	7	1	2	0	8	20	3	23	19	0	0	
24	0	17	0	0	14	15	4	0	0	1	2	0	0	20	0	0	0	11	18	9	0	25	22	0	
0	0	0	0	7	1	0	16	0	0	3	23	0	11	18	0	10	0	22	0	0	0	17	0	0	
20	1	0	0	0	0	3	0	19	0	5	9	0	25	0	12	0	10	17	13	0	0	21	4	0	
18	3	2	19	0	0	0	23	25	0	12	24	10	0	13	7	14	21	4	6	0	0	15	0	0	
5	9	23	0	0	12	0	10	0	13	7	14	0	0	6	0	0	0	0	0	18	3	0	0	11	
12	24	0	0	13	7	0	21	4	0	0	0	15	0	8	18	3	0	19	0	5	0	23	25	0	
7	0	21	0	0	0	1	15	16	0	0	3	2	19	11	0	0	23	25	22	0	0	10	0	0	
2	19	8	20	0	23	0	11	18	3	10	0	0	0	0	0	4	13	12	24	0	0	6	7	14	
23	25	0	18	3	10	17	0	5	0	21	0	13	12	0	15	0	6	7	0	2	0	0	0	0	
0	17	0	5	9	21	0	13	0	0	15	0	6	0	14	0	0	0	20	0	0	0	11	18	3	
0	4	13	0	0	15	16	6	7	14	2	0	8	0	1	23	0	0	18	3	0	17	22	5	0	
0	0	6	7	0	2	0	8	0	0	23	25	11	0	3	0	17	22	0	9	21	4	13	12	24	
8	20	0	15	16	11	18	1	0	0	0	0	3	0	0	13	0	9	10	0	0	0	0	0	4	
0	18	1	0	0	22	5	0	23	25	13	12	0	10	17	0	0	24	0	4	0	0	14	15	16	
0	0	0	23	0	13	12	0	10	0	6	0	0	21	0	8	20	14	15	0	0	0	0	2	0	
13	12	0	10	0	6	0	24	0	4	8	20	0	15	0	0	0	1	0	19	22	0	0	0	25	
0	7	0	21	0	8	0	0	0	0	11	0	0	2	19	0	0	0	0	25	13	12	0	10	0	
16	0	0	14	15	0	11	20	1	0	0	22	0	0	0	17	0	5	9	0	0	6	12	0	0	
19	11	20	0	2	25	22	18	0	23	17	0	0	0	0	0	6	0	24	21	0	8	7	14	0	
0	0	18	3	23	0	13	5	9	10	4	6	12	24	0	16	0	0	0	15	0	11	0	1	2	
17	0	5	9	10	4	0	12	24	21	0	8	7	0	15	19	0	20	0	0	25	22	18	0	23	
0	6	0	0	0	16	0	0	0	15	19	11	0	0	0	0	22	18	3	0	17	13	5	0	0	

23	0	11	18	3	0	0	0	0	9	0	17	13	0	0	15	0	6	7	14	2	16	8	20	1	
10	25	0	5	0	0	17	13	12	24	0	0	0	0	0	0	0	0	0	1	23	19	11	0	0	
21	0	13	0	24	15	0	6	0	0	0	16	8	20	0	0	19	11	18	3	10	25	0	5	9	
15	0	6	0	14	2	16	8	0	0	23	19	0	0	3	0	0	0	0	9	0	17	13	12	24	
0	16	0	0	1	23	0	11	0	3	0	25	0	0	0	21	0	0	0	24	0	0	6	7	14	
0	0	0	11	18	0	23	25	0	5	0	10	0	13	0	0	0	0	6	0	0	0	0	0	0	
9	23	0	0	0	24	10	17	0	0	0	0	4	6	0	1	0	0	0	20	3	2	19	11	18	
0	0	17	0	12	0	0	4	6	0	0	15	16	0	20	3	0	19	11	0	0	0	25	0	5	
0	21	4	0	0	1	0	0	8	20	3	0	19	11	18	0	0	25	0	0	0	10	0	13	12	
1	15	0	8	0	0	0	19	0	0	9	0	0	0	0	24	10	0	0	12	0	0	4	6	0	
0	0	18	0	0	17	22	0	9	0	4	0	12	0	0	0	6	7	0	15	0	8	0	1	2	
0	0	0	9	10	4	13	0	0	0	16	6	7	14	15	19	0	0	1	2	25	11	0	0	0	
0	0	12	0	0	16	6	7	14	15	19	8	0	0	0	0	0	18	3	0	0	22	0	9	0	
0	6	7	0	15	19	0	0	0	0	25	0	0	0	0	0	0	0	9	10	0	13	0	0	0	
0	8	20	1	0	25	0	18	0	0	0	22	5	9	10	0	13	12	24	21	16	0	0	14	0	
18	1	2	0	11	0	3	23	0	22	0	0	10	17	0	7	24	21	4	6	20	14	0	0	0	
5	3	23	0	0	0	9	10	0	0	7	0	0	4	0	0	14	15	0	8	0	0	0	19	0	
0	9	10	17	13	0	24	0	0	6	0	14	15	0	0	0	0	2	19	11	5	3	23	0	0	
7	24	0	0	6	20	14	0	16	0	0	0	0	0	11	0	0	0	0	22	12	9	10	0	13	
0	14	0	16	8	0	0	2	0	0	0	0	23	0	22	12	9	10	0	13	0	24	0	0	6	
11	20	0	2	0	22	18	3	23	25	13	5	0	10	0	0	12	0	0	4	8	7	14	15	0	
22	18	3	0	0	0	5	9	10	17	6	12	24	21	0	0	7	14	0	0	0	0	0	0	19	
0	0	9	10	0	6	12	24	0	4	0	0	0	0	16	11	0	0	2	0	22	0	0	23	25	
0	12	24	21	4	8	0	14	15	0	0	0	1	0	19	22	18	3	0	0	13	0	0	0	0	
0	7	14	0	0	11	20	1	2	0	0	18	3	23	25	0	5	0	0	0	0	0	24	0	0	

22	5	0	10	0	0	12	0	21	0	6	0	0	0	4	0	0	1	2	16	0	0	0	0	0	
13	12	24	21	0	6	0	14	0	0	8	0	0	2	0	11	0	0	23	19	0	0	9	10	25	
0	0	14	15	0	8	20	1	0	0	0	18	0	23	19	0	0	9	0	0	0	0	0	0	0	
0	20	1	2	16	0	18	0	23	0	22	0	9	0	25	0	0	24	21	0	0	0	14	15	0	
11	0	3	0	0	0	5	9	10	25	0	12	24	21	0	6	0	14	0	4	0	0	1	2	0	
25	0	0	0	0	0	13	12	24	0	4	6	7	14	0	0	8	20	1	0	0	0	0	0	0	
17	0	12	24	10	4	0	7	14	0	0	8	0	0	15	19	11	18	3	2	25	22	5	9	23	
0	6	0	14	21	0	0	0	0	15	0	11	0	3	2	25	0	0	9	0	0	13	12	0	0	
0	8	0	1	0	19	11	18	0	2	0	22	0	0	23	17	13	12	0	10	4	0	0	14	21	
19	11	18	0	2	0	0	0	0	0	0	0	12	0	0	4	0	7	0	0	0	8	20	1	0	
5	0	10	17	0	0	24	21	4	0	0	0	0	16	6	20	0	2	19	8	18	3	23	0	11	
0	24	21	0	13	7	14	0	16	0	20	1	2	19	8	18	0	23	0	11	0	9	0	17	22	
7	14	15	0	0	0	1	2	0	0	0	3	23	25	11	5	9	10	0	0	12	24	0	0	0	
0	0	2	0	8	18	3	23	25	0	0	0	10	17	22	12	0	21	4	13	0	0	15	16	6	
0	3	0	25	11	5	9	10	0	0	0	24	21	0	0	0	0	0	0	0	0	0	2	0	8	
23	25	0	0	0	10	17	0	12	0	0	4	6	7	24	0	0	0	20	14	2	0	0	18	1	
0	17	13	12	0	0	4	0	7	0	0	0	8	20	14	2	0	0	18	1	23	25	0	5	0	
0	4	0	0	24	0	16	8	0	0	0	0	11	0	0	0	25	22	0	3	10	0	13	0	0	
0	0	8	0	14	2	0	11	0	0	23	0	0	0	0	0	17	0	12	9	0	4	6	7	24	
0	0	11	0	1	23	25	22	0	3	10	0	13	12	0	21	4	6	0	24	15	16	0	0	14	
3	0	0	22	0	9	0	0	13	5	24	0	0	0	0	0	15	0	0	0	1	0	19	11	0	
9	10	17	0	0	24	21	0	0	12	0	0	0	8	7	0	0	0	0	20	0	0	0	22	0	
24	0	0	0	12	0	0	0	0	0	0	2	19	11	0	0	0	25	22	0	9	0	0	13	5	
0	0	0	8	7	0	2	19	11	20	0	0	0	22	0	9	10	0	0	5	0	0	4	0	0	
1	0	19	0	20	0	0	0	22	0	9	10	0	0	0	0	21	4	0	0	0	15	0	8	7	

0	24	0	0	0	0	14	15	4	0	20	0	2	0	8	18	3	0	19	0	5	9	10	0	22	
7	14	15	4	6	0	1	0	0	8	0	0	23	19	11	5	9	10	0	22	0	0	21	0	13	
20	1	2	0	8	18	0	23	19	0	0	9	0	0	22	12	0	0	17	13	7	0	0	4	0	
18	0	0	0	11	0	0	10	0	22	0	0	21	17	0	0	0	15	4	0	20	1	0	16	8	
5	0	0	25	22	0	24	0	17	0	7	0	0	0	6	0	0	2	0	0	0	0	23	19	11	
13	0	0	10	0	6	7	0	21	4	8	20	1	15	0	11	18	3	2	19	0	0	0	0	0	
0	7	0	21	4	8	20	0	15	16	11	18	3	2	19	22	0	9	0	25	0	0	24	10	17	
8	20	1	15	0	11	0	0	2	0	22	5	9	0	0	13	0	0	10	0	0	7	0	21	4	
0	18	0	0	19	22	0	0	0	0	13	0	24	10	17	6	0	14	21	4	0	20	1	0	16	
22	0	0	0	0	0	0	24	0	17	6	0	14	0	0	8	20	1	0	0	0	18	0	2	19	
0	0	4	0	12	14	15	16	0	7	0	2	19	8	0	0	23	25	11	18	0	10	0	22	5	
14	15	16	0	7	0	2	19	0	0	0	0	25	11	18	9	0	17	22	0	0	0	4	13	0	
0	0	0	8	20	0	0	0	0	0	0	10	0	22	5	24	0	4	13	12	14	0	0	6	7	
3	23	25	0	0	9	0	0	22	5	24	0	4	0	12	14	15	0	6	0	1	2	0	8	0	
0	0	0	22	5	24	21	4	13	12	0	0	0	6	7	1	0	19	8	20	3	0	0	11	0	
0	0	12	0	10	4	0	0	24	21	16	0	20	0	0	19	0	0	0	0	0	22	5	0	23	
0	0	7	24	21	0	8	0	0	0	19	11	18	1	0	0	0	5	3	0	17	13	12	9	10	
0	8	0	14	15	19	11	18	1	0	0	22	0	0	23	0	13	0	9	0	4	6	7	0	0	
19	11	0	0	0	25	22	5	0	23	0	13	12	9	0	4	0	7	24	0	16	0	20	14	0	
25	22	5	0	23	17	0	0	9	10	0	6	7	24	21	16	8	20	14	0	19	0	0	1	2	
10	17	13	0	0	21	4	0	0	24	15	0	8	0	0	0	19	0	0	1	0	25	22	0	0	
21	4	0	12	24	0	0	8	7	14	2	0	11	0	0	23	25	22	0	3	0	17	0	5	9	
15	16	0	7	14	2	19	11	20	1	0	0	0	0	0	0	0	13	5	9	21	4	6	12	24	
2	19	11	0	0	23	25	0	18	0	10	17	13	5	0	0	4	6	12	24	15	16	8	7	14	
0	0	0	0	0	0	0	0	0	9	21	4	0	12	24	0	0	0	7	14	0	0	11	0	1	

14	0	0	6	0	0	0	16	8	0	0	0	0	0	0	9	0	25	0	5	0	0	17	13	0	
1	0	0	0	20	0	0	0	11	18	0	0	25	0	5	0	0	0	13	0	0	0	4	0	7	
0	0	0	0	18	9	10	25	0	0	24	21	0	0	0	14	15	0	6	7	1	2	16	8	20	
0	10	0	22	0	24	21	0	0	12	14	15	0	6	0	0	0	0	8	20	3	0	0	11	18	
0	0	17	0	12	14	15	4	0	0	1	0	0	8	0	0	23	19	11	18	0	0	0	22	5	
7	14	21	0	6	0	1	0	0	8	0	0	2	0	11	5	9	23	25	22	12	24	0	17	13	
20	0	15	0	8	0	0	2	19	0	5	0	0	25	22	12	0	0	0	13	0	14	21	4	6	
18	0	0	19	11	5	9	23	25	22	12	0	0	17	13	0	14	21	4	0	0	1	0	16	8	
0	0	23	0	22	0	0	0	0	0	0	14	21	4	6	20	1	15	0	8	18	0	2	19	11	
12	0	10	17	13	0	14	0	4	0	20	0	0	0	0	0	3	0	0	0	5	0	0	25	0	
0	16	6	0	14	0	19	8	20	0	0	25	11	18	3	10	17	0	5	0	21	0	0	0	24	
0	19	8	0	1	0	25	0	0	0	0	0	0	0	9	0	0	13	12	0	15	16	6	7	14	
0	25	0	18	0	10	17	0	5	0	21	0	13	0	0	15	0	0	7	14	2	0	0	20	0	
0	0	22	5	9	21	0	13	12	24	15	0	6	0	0	0	19	0	0	0	0	25	0	18	0	
0	4	13	0	24	15	16	6	7	14	2	0	0	20	0	0	25	11	0	0	10	0	22	0	0	
0	7	24	21	0	0	20	0	15	0	11	18	1	0	0	22	0	3	0	25	0	0	9	0	17	
8	20	0	0	16	11	18	1	0	0	22	5	3	23	0	13	12	9	10	17	6	0	0	21	4	
11	18	1	2	19	22	5	0	0	0	13	0	0	10	0	0	7	24	0	4	0	0	0	0	0	
22	0	3	23	25	13	0	0	0	0	6	7	24	21	4	8	0	0	15	16	0	18	0	2	19	
13	0	0	0	0	6	0	0	21	4	8	0	0	15	16	11	0	0	0	0	22	0	3	0	25	
4	6	0	24	0	0	0	0	0	15	0	0	20	1	2	25	22	18	0	23	17	13	5	0	0	
0	8	7	14	0	0	11	20	1	0	25	0	0	0	23	17	13	5	0	10	0	6	0	0	21	
19	11	0	0	0	0	0	18	0	23	0	0	0	9	10	0	6	12	24	21	16	8	0	0	0	
0	0	0	3	23	17	0	5	9	10	0	0	0	24	0	16	8	7	0	0	19	11	20	0	2	
17	13	5	0	10	4	6	12	0	21	0	8	7	14	0	19	11	0	1	0	0	0	18	3	0	

2	0	8	20	0	23	19	0	18	0	10	0	22	5	9	0	0	0	0	0	15	4	0	0	14	
23	19	0	18	3	10	25	22	0	0	0	17	0	12	0	0	4	0	0	14	0	0	0	0	0	
0	25	22	5	0	0	0	13	0	24	0	4	0	7	14	0	16	0	0	0	23	19	0	0	0	
0	17	13	12	24	15	4	6	0	0	0	0	8	20	1	23	19	0	18	3	10	25	0	5	0	
0	0	6	7	14	2	0	0	20	1	0	0	0	0	0	10	0	0	5	9	21	0	13	12	24	
0	15	0	8	20	3	2	0	0	0	9	23	25	0	5	24	0	17	0	0	14	0	4	6	0	
0	2	19	11	0	0	23	25	22	0	24	0	17	13	0	0	21	0	6	0	0	15	16	8	20	
9	0	0	22	5	24	10	17	0	12	14	21	4	6	0	0	15	0	8	20	3	0	19	11	18	
0	10	0	0	0	0	0	4	0	7	0	0	16	8	0	0	0	19	0	18	0	23	0	0	0	
14	0	4	0	7	0	15	16	8	20	0	2	0	0	18	9	23	25	0	5	24	10	0	13	12	
19	8	0	1	2	25	11	0	0	0	0	0	5	0	0	0	13	12	24	0	0	6	7	0	0	
25	0	18	3	0	17	22	0	9	0	0	13	0	24	21	16	0	7	14	15	0	8	0	0	2	
17	0	0	0	10	4	13	12	24	0	0	6	7	0	0	0	0	20	0	2	25	0	18	3	0	
4	0	0	0	21	0	6	0	14	0	0	8	20	0	0	25	11	18	3	0	0	0	5	9	0	
16	6	0	0	15	19	0	0	0	0	0	11	0	3	23	17	22	5	9	0	0	0	0	0	21	
0	14	15	0	0	0	1	2	19	11	5	3	0	25	22	12	9	10	0	0	0	24	21	4	6	
0	1	2	19	11	0	0	23	0	22	12	9	10	0	0	0	24	0	4	0	20	0	0	16	8	
0	0	0	25	22	0	9	10	0	13	0	0	0	0	0	20	14	15	0	0	18	1	2	19	11	
12	9	0	0	0	0	24	21	0	0	0	14	0	16	8	18	1	2	19	11	5	3	23	25	22	
0	24	21	4	0	20	0	15	0	8	18	1	0	0	11	5	0	0	0	0	0	9	10	0	13	
8	0	14	0	16	11	0	1	0	0	0	0	0	23	25	0	0	0	0	0	0	0	0	0	0	
0	0	1	2	0	0	0	3	0	25	0	0	9	0	0	6	12	24	21	4	8	7	14	15	16	
0	18	0	0	25	0	0	9	0	0	6	12	0	21	0	8	7	14	0	16	0	0	0	0	0	
0	0	0	0	17	0	12	24	0	0	8	7	0	0	16	0	20	1	0	19	22	18	0	0	25	
0	12	0	0	0	0	0	14	0	0	0	0	1	2	0	22	18	0	0	25	0	0	0	0	0	

0	0	18	3	23	25	0	5	9	10	17	0	12	24	0	4	6	7	14	0	16	8	20	0	2	
0	22	0	9	10	0	0	12	0	0	4	0	0	0	15	0	0	0	1	2	19	0	0	0	0	
0	13	12	24	0	4	6	0	14	15	16	8	20	1	2	19	0	0	3	0	25	22	0	9	10	
4	6	7	14	15	0	8	20	1	0	19	0	18	3	0	0	22	5	0	10	17	0	0	0	21	
0	0	0	1	0	19	0	18	3	0	25	0	5	0	0	17	0	0	0	21	0	0	7	14	15	
2	19	11	0	0	0	25	22	5	0	10	17	13	0	24	21	0	6	7	0	0	0	0	20	0	
23	0	22	0	0	0	17	13	0	0	21	0	0	7	14	15	16	8	20	0	0	19	11	18	3	
0	0	0	12	24	0	4	6	0	14	0	16	8	20	1	2	19	0	0	3	0	0	0	0	0	
0	0	6	7	0	0	16	0	20	1	2	19	11	0	3	23	25	0	5	9	0	17	0	0	0	
15	0	0	0	1	2	0	0	0	0	0	0	22	5	9	10	17	0	12	0	21	4	6	7	14	
0	0	0	23	25	22	0	9	10	0	13	0	24	0	0	0	7	0	0	0	0	20	0	0	19	
22	0	9	0	0	0	12	24	0	0	0	7	0	15	0	0	0	1	0	19	11	18	3	23	25	
0	12	0	21	4	6	7	0	0	0	8	20	1	0	0	11	18	3	23	25	22	0	9	0	0	
6	0	14	15	16	8	0	1	0	19	0	18	0	23	25	22	5	9	10	17	13	0	24	0	4	
0	20	1	0	19	0	18	3	0	0	22	0	0	0	17	13	0	24	21	0	0	0	0	15	0	
0	0	19	11	0	0	0	0	0	5	0	0	17	0	0	24	21	0	0	0	14	15	0	0	20	
3	23	25	0	5	9	10	17	0	0	24	0	4	0	7	14	15	16	0	20	1	2	19	0	0	
0	0	0	0	12	24	21	4	6	0	14	0	0	8	20	1	0	0	11	0	3	0	25	22	5	
0	21	4	6	7	0	15	16	8	20	1	2	19	0	18	3	0	25	0	5	0	10	17	0	0	
0	0	0	8	0	0	2	19	0	18	3	23	25	22	5	9	10	17	0	12	0	21	0	6	7	
20	1	2	19	11	18	3	0	25	0	0	0	10	17	13	0	24	21	0	0	0	14	15	16	8	
0	0	0	25	22	0	9	0	17	0	12	24	0	4	0	7	14	15	16	8	20	1	0	0	0	
5	9	10	17	13	12	24	21	0	0	7	14	0	16	8	0	0	2	19	0	0	3	0	25	0	
0	24	0	0	0	7	14	0	16	8	20	1	2	19	11	0	0	23	25	0	5	9	10	0	0	
0	14	0	0	0	20	0	0	0	11	18	0	23	25	22	0	0	10	17	13	12	0	0	4	6	

9	0	25	0	5	24	21	17	13	12	0	0	4	6	7	1	2	0	8	0	3	23	19	0	18	
0	0	17	13	0	0	15	0	6	7	0	0	0	0	0	3	23	0	11	0	9	0	25	0	0	
0	15	0	6	0	1	2	16	8	0	3	0	0	0	18	0	0	25	0	0	0	0	17	0	12	
1	2	0	0	0	3	23	19	0	0	0	0	0	0	0	0	21	17	13	0	0	15	0	6	0	
0	23	19	11	0	9	0	25	22	5	0	21	17	13	12	0	15	4	0	7	1	2	16	8	0	
5	9	23	25	0	12	24	0	0	13	7	14	0	4	0	0	1	0	0	0	18	3	2	19	11	
12	0	0	17	0	7	14	21	0	0	20	0	0	16	8	18	0	0	19	0	0	0	23	0	22	
0	0	21	4	0	20	0	15	16	0	0	0	0	19	11	5	0	23	0	22	0	0	0	0	13	
20	1	15	16	8	18	0	2	0	0	0	9	23	25	22	12	24	0	17	0	7	14	0	4	6	
18	0	2	0	11	0	9	23	25	0	12	24	0	17	13	7	0	21	0	6	20	0	15	16	8	
0	0	22	0	0	21	0	13	12	0	15	0	6	7	14	2	19	8	0	0	0	25	0	0	3	
0	0	13	12	0	15	16	6	0	14	2	19	8	20	0	23	0	11	0	0	0	17	0	0	0	
0	0	0	7	14	2	0	0	0	0	0	0	0	0	0	10	17	22	0	9	21	4	0	12	24	
2	0	0	0	0	0	25	0	0	0	10	17	0	5	9	0	4	13	0	0	15	0	0	0	14	
0	25	0	18	0	10	17	22	0	9	21	0	13	0	0	15	0	6	0	0	2	19	0	20	1	
22	5	0	23	25	0	12	0	0	17	6	0	0	0	4	0	20	0	0	0	0	0	1	0	19	
13	0	9	10	0	0	0	0	21	4	0	20	0	0	16	11	0	0	0	0	22	0	0	23	0	
6	7	24	0	0	0	0	14	15	16	11	18	0	2	19	22	5	0	23	0	13	0	9	0	17	
0	0	14	15	16	0	0	1	0	19	0	5	3	0	25	13	0	0	10	17	6	0	24	0	0	
11	18	0	2	19	22	5	3	23	25	0	12	0	0	0	0	7	0	0	4	8	20	0	15	0	
0	0	18	3	23	17	0	5	0	10	0	6	0	24	0	16	8	7	0	0	19	0	0	0	2	
17	0	5	9	10	4	6	12	24	21	0	8	0	14	15	0	11	20	0	2	0	22	0	3	23	
0	0	0	24	0	16	0	7	0	0	19	0	20	0	2	0	0	18	3	23	0	13	0	0	0	
0	8	0	14	0	19	0	0	0	2	25	0	0	3	0	17	13	5	9	10	4	0	12	24	0	
0	0	0	0	0	0	22	0	0	23	17	13	0	0	10	4	6	0	24	21	0	0	0	14	15	

21	0	13	0	0	0	0	6	7	0	0	16	0	0	0	0	19	11	18	0	0	25	22	0	9	
15	0	0	7	0	2	0	8	20	1	0	0	0	18	0	0	0	0	5	0	0	17	0	12	0	
2	16	0	20	0	23	19	0	0	3	10	0	0	5	0	21	0	13	12	24	15	0	0	0	0	
23	0	11	18	3	10	25	0	5	0	0	0	13	0	0	15	4	6	7	0	2	16	0	20	0	
10	0	0	0	0	0	0	13	12	24	0	0	0	0	0	2	16	8	20	1	0	0	11	18	0	
0	10	17	13	12	14	0	4	6	7	0	15	16	8	20	3	0	19	0	0	9	23	0	0	5	
14	21	0	6	7	0	15	0	8	20	0	0	19	11	0	0	0	25	22	5	24	10	17	13	12	
0	15	16	0	20	3	0	0	11	18	0	23	25	0	5	24	10	17	0	12	0	0	4	0	0	
3	2	19	11	0	9	23	0	22	5	24	10	0	0	12	0	21	4	0	0	1	15	16	0	20	
9	0	25	22	5	24	10	0	0	12	0	0	4	0	7	0	15	16	0	0	3	2	0	0	18	
4	0	0	24	21	16	6	0	14	15	19	8	20	1	2	0	0	0	3	23	17	0	0	9	10	
16	0	0	14	0	19	8	0	1	2	25	11	18	3	0	17	0	5	0	10	0	13	12	24	21	
0	8	0	1	2	25	11	0	0	0	17	0	0	0	10	4	13	12	24	21	0	6	7	0	15	
25	11	18	0	0	17	22	0	9	0	4	0	0	0	21	16	0	0	0	15	19	8	20	1	0	
0	0	0	0	10	4	0	0	24	21	0	6	0	0	15	0	8	20	1	2	25	0	18	0	0	
12	0	10	17	13	7	24	21	0	6	0	0	0	16	0	0	0	2	19	0	5	3	0	0	0	
0	0	0	0	6	20	0	0	16	0	18	1	0	0	11	5	3	0	0	0	12	0	0	17	0	
20	0	0	0	8	0	1	2	19	0	0	3	0	25	0	12	9	0	17	13	7	0	21	4	6	
0	0	2	0	11	0	3	0	25	0	0	9	10	17	13	0	24	0	4	0	20	0	0	16	0	
5	3	23	25	22	12	0	10	0	13	7	24	21	0	6	20	14	0	0	0	18	1	2	19	0	
0	5	9	0	0	0	12	24	21	4	0	7	0	15	16	11	20	0	2	19	22	18	0	0	0	
0	12	24	21	0	8	7	0	15	16	11	0	1	2	19	0	18	3	23	0	13	0	9	10	0	
0	7	0	15	0	0	20	1	2	19	22	0	3	0	25	0	0	0	10	0	0	0	24	21	4	
11	20	0	0	19	22	0	3	23	25	0	0	9	0	0	0	12	0	21	4	0	0	0	0	0	
22	0	0	0	25	13	5	9	10	17	0	12	0	21	4	8	7	0	15	16	11	0	0	0	19	

0	6	7	14	0	16	8	20	0	2	19	11	18	0	23	25	0	0	0	10	17	0	12	0	21	
16	8	20	0	0	19	11	18	3	23	25	0	0	9	0	0	0	0	0	21	0	6	7	14	15	
0	11	0	0	23	25	22	5	0	10	0	13	0	24	21	0	0	7	14	0	16	0	0	1	2	
0	22	5	9	10	17	13	0	0	0	4	6	0	14	15	16	8	20	1	0	19	0	18	0	23	
17	0	12	24	21	0	0	0	14	15	0	0	20	0	2	0	11	18	3	0	0	0	0	0	0	
0	4	6	7	14	15	0	8	0	0	2	19	11	18	0	0	25	22	5	0	10	17	0	12	0	
15	0	8	0	1	2	19	11	18	3	23	25	0	5	0	0	17	13	12	24	21	4	6	0	14	
2	0	0	18	0	23	0	0	5	0	10	17	0	12	0	0	4	0	0	14	0	0	0	20	1	
0	25	22	0	9	0	17	13	12	0	0	4	0	7	14	15	0	0	20	0	0	19	0	18	0	
10	0	0	12	0	0	4	6	7	14	0	16	8	20	0	2	0	0	18	3	23	25	22	5	9	
0	7	0	15	16	8	0	0	0	19	11	18	0	23	0	22	0	9	10	0	13	0	0	0	0	
0	20	1	2	19	11	18	0	23	0	22	5	0	0	0	0	0	24	21	4	0	7	0	15	0	
11	18	3	0	25	22	5	9	10	0	0	12	24	0	4	0	7	0	15	0	0	20	1	2	0	
22	5	9	0	0	0	12	24	0	4	6	7	14	0	16	0	20	1	0	0	11	18	3	23	0	
0	0	0	0	0	0	0	14	0	0	0	20	0	0	0	11	0	3	23	25	22	5	9	0	17	
0	21	0	0	7	0	0	0	0	0	1	0	0	0	18	3	23	25	22	0	9	10	17	13	0	
0	0	0	8	0	1	2	0	0	0	3	23	25	0	0	9	0	17	13	12	0	21	4	0	0	
0	0	19	0	0	0	23	0	0	5	0	10	0	13	12	0	21	4	6	0	0	15	0	8	20	
0	23	0	0	0	0	10	17	13	12	0	0	0	0	0	14	0	0	0	0	1	2	0	11	0	
9	0	0	0	12	24	21	4	0	0	14	15	16	8	0	1	0	0	11	0	0	0	25	22	5	
12	24	21	4	0	0	0	0	16	8	0	1	2	0	0	18	3	0	25	22	5	0	0	17	13	
0	14	0	0	8	0	1	2	0	0	18	3	0	0	0	0	0	10	17	0	0	24	0	0	0	
0	0	2	0	0	0	0	23	25	22	5	9	0	0	13	0	0	21	4	0	0	14	0	0	0	
18	0	0	25	0	5	9	10	17	0	0	24	0	0	6	0	14	0	16	0	20	0	2	19	0	
5	0	10	0	13	0	24	0	4	0	7	14	0	16	0	20	0	0	0	0	0	0	0	25	22	

8	20	1	2	0	11	0	3	0	19	0	0	9	10	25	0	0	0	21	0	0	7	0	0	0	
0	18	0	23	0	22	5	9	10	25	13	12	0	21	17	6	7	14	0	0	0	0	0	0	0	
22	5	9	10	0	13	12	24	21	0	6	7	14	15	0	8	0	1	2	16	0	18	3	0	0	
0	12	24	21	0	6	0	0	15	0	8	0	1	2	16	0	18	0	0	19	22	0	0	0	0	
0	7	0	0	4	8	0	0	0	16	11	18	0	0	19	22	5	9	10	25	0	0	24	21	17	
16	8	0	1	0	19	0	18	3	2	0	22	0	9	0	17	13	12	24	0	0	6	7	14	0	
0	11	18	0	0	25	0	5	0	0	0	0	0	24	10	4	0	7	0	21	16	0	20	0	0	
0	22	5	0	0	0	13	0	0	0	4	0	7	0	21	16	8	0	0	15	19	0	18	3	2	
0	0	12	0	10	0	0	7	14	21	0	8	20	0	15	19	0	0	3	2	0	0	5	9	23	
4	6	7	14	21	16	8	20	1	0	19	11	0	0	0	25	0	0	9	23	17	0	0	24	10	
0	1	0	19	0	0	3	23	25	11	5	0	10	0	22	0	0	21	4	0	0	14	15	0	6	
0	3	23	0	0	0	9	0	0	22	12	24	0	4	13	7	14	0	0	6	20	0	0	0	8	
5	9	10	17	22	0	24	21	4	0	0	0	0	16	6	20	1	2	0	8	0	0	23	0	0	
0	24	21	4	13	7	14	15	0	0	20	1	2	0	8	18	3	0	0	11	5	0	10	17	22	
7	0	15	0	0	0	0	0	19	8	18	0	23	0	11	0	9	10	0	0	12	24	21	4	13	
15	0	8	20	0	2	19	0	18	0	0	25	22	0	0	0	17	13	12	0	21	4	6	0	0	
0	19	0	18	1	23	25	22	5	3	10	0	13	12	9	21	4	0	0	0	0	16	8	20	0	
23	25	0	5	0	0	17	0	12	0	21	0	6	0	24	0	0	8	20	0	2	0	11	18	1	
0	17	13	12	9	0	4	6	7	0	0	16	0	20	0	2	19	11	18	0	0	25	22	5	0	
21	0	0	7	0	15	0	0	0	14	0	19	11	18	0	23	0	0	0	3	10	0	13	0	9	
14	0	16	8	0	0	0	19	11	0	3	23	0	0	18	9	0	17	0	5	0	0	4	0	0	
0	2	0	0	20	3	23	25	0	18	9	10	0	0	5	0	0	4	0	12	0	15	0	8	0	
0	0	25	22	0	0	0	17	13	0	0	0	4	0	0	0	0	0	0	7	0	0	19	0	0	
0	10	0	13	0	24	21	4	6	12	0	15	16	0	7	1	2	19	0	20	0	0	25	0	18	
24	0	4	6	12	0	15	16	8	0	1	0	19	0	0	3	23	25	22	0	9	10	0	13	5	

0	3	0	19	11	5	9	10	0	0	0	0	21	0	0	0	0	15	0	0	0	0	2	0	8	
0	0	0	25	0	0	0	0	0	0	0	14	0	0	6	0	1	2	0	8	18	0	23	19	0	
0	24	21	0	13	0	0	15	0	0	0	1	2	16	0	0	3	23	19	0	0	9	10	0	0	
0	14	0	4	6	20	1	2	16	0	18	0	23	0	0	5	9	10	0	22	12	24	0	17	13	
20	1	0	16	8	0	0	23	19	0	5	0	0	25	22	12	0	0	0	13	0	14	0	4	6	
0	0	0	2	0	22	0	0	23	25	13	0	0	0	0	6	0	14	0	4	0	0	1	15	0	
0	5	9	0	0	13	0	0	10	0	0	7	14	0	4	8	20	0	15	16	0	18	0	2	19	
0	12	24	0	17	0	7	14	0	0	8	20	1	0	0	0	0	3	0	0	0	5	0	0	0	
6	7	14	0	0	8	0	0	15	16	0	0	3	0	19	22	0	9	0	0	13	12	24	0	0	
8	20	1	0	16	11	18	0	0	19	22	5	9	0	25	0	0	24	10	17	6	0	0	0	4	
0	23	0	11	18	0	0	0	0	5	24	0	0	13	12	0	0	16	6	0	0	2	19	8	0	
9	0	17	22	0	24	21	4	0	12	0	0	0	0	7	1	2	0	8	0	3	0	0	11	0	
24	21	0	13	12	0	0	0	6	0	1	2	0	8	20	0	0	0	0	0	9	0	17	22	5	
0	15	16	6	7	1	0	19	0	0	0	0	0	0	0	0	10	17	22	5	24	21	0	13	12	
1	0	0	0	20	3	23	0	11	0	9	0	0	0	0	0	0	4	13	12	14	0	0	6	0	
19	11	0	0	2	25	0	5	3	23	0	13	0	9	10	0	6	0	0	21	0	8	0	0	15	
0	0	5	3	23	0	0	12	0	0	4	0	7	24	0	16	0	20	0	0	19	0	18	0	0	
0	0	12	9	10	4	6	7	24	21	0	0	0	14	15	19	0	18	1	0	25	22	0	0	0	
0	6	7	24	21	0	0	20	14	0	19	0	0	1	2	25	22	0	3	0	17	0	12	0	10	
16	8	0	14	0	19	11	0	0	2	25	22	0	3	23	0	13	12	0	0	4	6	0	0	0	
2	0	11	0	0	0	25	22	18	0	0	17	0	5	9	21	0	0	0	24	15	16	8	7	0	
23	25	0	0	0	10	17	13	0	0	21	0	6	12	0	15	16	8	7	14	2	19	11	0	1	
0	17	0	0	0	0	0	0	12	24	0	16	0	7	14	2	19	11	0	0	0	25	22	18	0	
0	0	0	0	0	15	16	8	7	0	2	0	0	0	1	23	0	22	0	3	10	0	0	5	9	
15	16	0	7	14	2	19	0	0	1	23	0	22	0	0	0	0	0	0	9	21	0	6	0	0	

10	0	22	5	9	0	17	13	0	0	15	4	0	7	0	2	0	8	0	1	23	0	11	18	3	
21	0	13	12	0	0	4	6	7	14	2	16	0	0	0	0	0	0	0	0	10	25	22	5	9	
15	4	0	7	0	0	16	8	20	0	23	0	0	0	0	10	0	0	5	9	21	17	13	12	24	
2	16	0	20	0	0	19	0	18	3	10	0	22	0	9	21	0	13	0	0	0	0	6	7	14	
23	0	11	18	0	0	0	22	0	0	0	0	13	0	0	15	0	6	0	14	2	16	8	0	0	
0	0	25	0	0	24	10	17	13	12	0	21	4	6	0	0	0	16	0	0	3	2	19	11	0	
24	10	0	0	0	14	21	4	6	0	1	15	16	8	20	0	0	19	11	18	0	0	25	22	0	
0	0	0	6	7	1	0	0	0	0	0	2	19	0	18	9	23	0	22	5	24	0	17	13	0	
0	0	16	0	0	3	0	0	0	0	0	23	0	22	0	24	0	0	13	0	0	0	4	6	0	
3	0	0	0	18	9	0	0	0	5	24	10	17	13	12	0	21	4	0	0	1	0	16	8	0	
0	0	0	9	10	4	0	0	24	21	0	6	0	0	0	0	0	20	0	0	0	11	18	0	0	
4	0	12	24	21	16	0	7	14	0	19	8	20	1	2	0	11	18	0	0	17	0	0	0	0	
0	6	0	14	0	0	8	0	1	2	25	11	0	0	23	17	22	0	9	10	4	0	12	24	21	
19	8	20	0	0	25	0	18	0	0	17	22	5	9	0	0	13	12	24	0	0	6	0	0	15	
25	0	0	0	23	17	0	0	0	10	4	0	0	24	0	0	6	0	0	15	19	8	20	0	2	
0	0	23	25	22	12	0	0	17	0	7	24	0	4	6	20	0	15	0	0	0	0	2	19	11	
12	9	0	17	13	0	24	21	0	0	0	14	15	0	8	0	0	2	19	0	0	0	23	0	0	
0	24	0	4	0	20	14	15	0	8	18	1	2	19	0	5	0	0	0	22	0	0	10	17	0	
20	14	0	16	8	0	1	2	19	11	5	3	0	25	22	0	9	0	17	0	7	24	0	4	0	
18	0	0	0	0	5	0	0	25	22	0	9	10	0	13	7	0	0	0	6	0	0	15	0	8	
0	0	3	0	25	13	0	0	0	17	0	0	24	21	4	8	7	14	0	16	0	0	1	0	0	
0	0	9	10	17	6	12	0	21	4	8	0	14	15	0	0	0	1	2	0	22	0	3	23	0	
0	0	0	21	0	8	7	0	0	16	0	0	1	0	19	0	18	3	23	0	0	0	9	0	0	
0	7	14	15	16	0	0	0	0	19	0	18	0	0	0	0	5	9	10	0	6	12	24	21	4	
0	0	1	2	0	0	18	0	0	0	0	0	9	0	0	0	12	24	21	0	8	0	14	15	16	

0	0	12	0	0	4	6	7	0	0	0	8	0	0	2	0	0	18	0	0	0	22	0	9	10	
4	0	7	0	15	0	8	20	0	0	0	11	0	3	0	25	22	5	9	10	17	13	12	24	0	
16	0	0	0	0	0	11	0	3	0	25	0	5	9	10	17	13	0	0	0	0	0	0	14	15	
19	0	0	3	23	0	22	0	0	10	0	13	12	24	21	4	0	0	0	15	16	0	0	1	2	
0	0	0	9	10	0	13	12	0	21	4	0	7	14	15	16	8	0	0	0	0	11	0	3	0	
10	17	13	0	24	0	0	6	0	14	15	16	0	20	0	0	19	11	18	0	0	0	22	0	9	
21	0	0	7	0	15	16	8	0	0	2	19	11	18	0	0	0	22	5	0	0	17	0	12	0	
0	16	8	0	0	2	0	0	0	3	0	25	0	5	0	10	17	0	0	24	21	4	0	0	0	
2	19	11	18	3	0	0	22	5	0	10	0	0	12	24	0	4	6	7	0	0	0	0	20	0	
23	25	22	5	0	10	17	0	0	24	21	4	0	0	14	15	0	8	20	1	0	19	11	18	3	
13	0	0	0	4	0	7	0	0	16	0	20	0	0	0	11	0	0	0	0	0	0	0	10	17	
0	0	0	15	16	0	20	1	0	19	0	0	3	23	0	0	0	0	0	17	13	12	0	21	4	
0	0	1	0	19	0	0	0	23	0	22	0	9	0	0	0	12	0	0	0	0	7	14	15	0	
0	18	0	0	0	22	5	9	10	17	13	0	24	0	4	6	7	14	15	0	8	0	1	0	0	
22	5	9	0	0	0	0	0	0	0	0	0	0	0	16	0	0	1	0	19	11	0	3	23	25	
0	10	0	0	12	24	21	4	6	0	0	0	16	8	20	1	0	19	0	0	3	23	25	0	0	
0	21	4	0	7	0	15	0	0	0	0	2	19	0	0	0	0	0	22	5	0	0	17	13	0	
14	15	16	8	20	0	2	19	0	0	0	0	25	0	0	0	10	0	0	0	24	21	4	6	0	
1	2	0	0	18	0	23	0	0	0	9	0	0	0	12	24	21	0	0	0	14	15	0	8	20	
3	0	25	22	5	0	10	17	13	12	0	0	4	0	0	14	15	0	0	20	1	2	19	0	18	
5	0	10	17	13	0	24	0	4	6	0	14	0	16	8	0	0	0	19	11	0	0	0	0	0	
12	24	21	0	0	0	0	0	0	8	0	1	2	0	0	0	0	23	25	22	5	9	10	17	0	
7	0	15	16	8	20	0	0	0	11	0	0	0	0	0	0	9	10	0	13	0	24	21	4	6	
0	0	2	0	11	18	3	23	25	0	0	9	10	17	13	12	24	21	0	6	0	0	15	16	8	
0	3	23	0	22	5	0	0	0	0	12	0	0	4	0	7	14	15	16	0	0	0	2	0	0	

6	7	14	0	4	8	20	0	0	0	11	0	0	23	0	22	5	0	10	25	0	0	24	21	17	
0	0	0	0	16	0	0	3	0	19	22	0	0	10	25	0	12	24	0	0	0	7	14	0	4	
11	18	0	23	0	22	0	9	10	25	0	0	24	21	0	6	7	0	0	0	0	0	0	0	0	
22	0	9	0	25	0	12	24	0	0	6	7	14	0	0	0	20	1	2	16	0	18	3	23	0	
13	0	0	0	17	0	7	14	0	4	0	0	0	2	16	11	18	3	23	0	22	5	9	0	0	
4	6	0	0	21	16	0	0	1	0	0	0	0	0	2	25	22	0	0	0	0	13	0	0	0	
0	0	20	0	15	0	11	18	0	2	0	22	5	0	0	0	0	0	24	10	4	0	7	14	21	
0	0	0	3	0	25	0	0	0	0	17	0	12	24	10	0	6	7	14	21	0	8	20	1	15	
0	0	0	9	23	0	0	12	0	10	4	0	7	14	21	16	0	20	0	0	19	0	0	3	2	
17	13	0	24	10	0	6	7	0	0	0	0	0	0	15	0	11	18	0	0	25	0	0	9	23	
0	0	15	16	0	20	0	0	19	8	0	0	23	25	11	0	9	10	0	0	12	24	21	4	13	
0	1	2	19	0	18	0	0	0	0	5	9	10	0	0	0	24	21	4	13	0	0	0	16	0	
0	0	23	0	11	5	0	0	17	22	12	24	21	0	0	7	0	15	0	6	20	0	0	19	8	
5	0	10	0	0	12	0	21	0	0	7	0	0	0	0	0	0	2	0	8	18	0	23	0	0	
0	24	0	4	0	7	14	15	0	6	0	0	0	0	0	18	0	23	25	0	5	0	10	0	0	
0	4	0	0	24	0	0	8	0	0	0	19	0	0	0	0	25	0	0	0	0	17	0	0	9	
0	0	8	20	14	0	0	11	0	0	23	25	0	0	3	0	17	13	0	0	21	4	6	0	24	
2	0	11	18	1	0	0	0	0	0	0	17	13	0	9	0	0	6	7	0	0	16	0	20	0	
0	25	0	0	3	0	17	13	12	9	21	0	6	0	0	15	16	8	0	14	0	19	0	18	1	
10	17	0	0	0	0	4	6	7	24	15	16	8	0	0	0	0	0	18	0	23	25	22	0	3	
24	0	4	6	12	0	0	16	8	7	0	2	0	11	20	0	23	0	0	0	9	10	0	0	5	
14	15	0	8	0	0	0	0	0	20	0	23	0	22	0	0	10	17	13	5	0	21	4	6	12	
0	2	19	11	20	3	23	25	0	18	9	0	17	0	0	24	0	4	0	0	0	15	16	8	0	
3	0	25	22	18	9	10	0	0	0	0	0	0	6	0	14	0	0	8	7	1	2	19	0	20	
9	10	17	13	5	0	0	0	6	12	14	0	16	8	7	0	0	19	0	0	3	0	0	0	18	

0	0	0	0	0	18	3	23	0	11	5	0	10	25	0	12	24	0	0	0	7	0	0	4	6	
18	0	0	19	11	5	9	10	25	22	0	0	21	17	13	0	14	0	0	0	0	0	2	0	0	
5	0	0	0	22	0	0	21	17	0	0	0	0	0	6	20	1	0	16	0	0	3	0	19	11	
12	24	21	0	13	0	14	15	0	0	0	0	2	0	8	18	0	0	0	0	0	9	0	25	22	
7	0	0	4	6	20	1	2	0	0	18	3	0	19	11	0	0	10	25	0	12	0	0	17	0	
8	0	1	15	0	11	18	3	0	0	0	5	9	0	25	0	0	24	10	0	6	7	14	21	0	
11	18	3	0	19	22	0	0	23	25	13	12	24	10	0	6	0	14	21	4	8	0	0	0	16	
22	0	0	23	0	13	12	24	0	17	0	0	0	0	4	0	20	1	0	16	11	0	0	2	19	
0	0	24	10	0	0	7	0	21	4	8	20	0	0	0	11	18	3	2	19	22	0	9	23	0	
6	0	0	21	4	0	20	1	0	16	0	18	0	2	19	0	5	0	0	0	0	12	24	0	17	
0	0	19	0	20	0	0	25	11	0	9	10	17	0	0	0	0	4	13	12	0	0	16	6	7	
3	23	0	11	0	0	10	17	0	0	24	21	4	0	0	0	0	16	6	0	0	0	19	0	0	
9	0	17	22	5	24	21	0	13	0	0	15	0	0	7	0	2	0	0	0	3	23	25	0	0	
24	21	4	13	12	0	0	16	6	7	0	2	19	8	20	3	0	0	0	0	0	10	0	0	0	
14	0	16	0	0	0	2	19	8	0	3	0	25	0	0	0	0	17	22	0	0	21	4	13	0	
16	0	20	14	0	0	0	0	1	2	25	22	5	3	0	0	0	0	9	0	4	6	7	0	21	
19	0	0	1	0	25	22	0	0	0	0	13	12	0	0	4	0	7	24	0	0	8	20	14	0	
0	0	0	0	23	0	0	12	9	10	0	0	0	0	21	0	8	20	0	0	19	11	0	0	2	
17	13	12	0	0	4	6	0	0	21	0	0	0	0	15	0	11	0	1	0	25	22	5	0	0	
0	6	7	0	21	16	8	0	14	15	19	0	18	1	2	0	0	0	3	0	17	0	12	9	10	
15	16	8	7	14	2	19	11	0	0	23	25	22	18	3	10	0	0	0	0	21	0	0	0	24	
2	19	0	0	0	23	25	0	18	0	10	0	0	5	0	21	4	0	12	0	0	16	0	7	14	
23	25	22	0	0	10	0	0	0	0	21	4	0	12	24	15	0	0	0	14	0	0	0	0	1	
0	0	0	0	0	21	0	0	12	24	0	0	8	0	14	0	19	0	20	1	23	0	0	0	3	
0	0	6	0	0	15	0	0	0	0	0	0	11	0	0	0	25	22	18	0	10	17	0	5	9	

3	23	19	0	18	9	10	25	0	0	24	21	0	0	12	0	15	4	6	7	0	2	0	0	0	
0	0	0	22	0	24	21	0	13	12	0	15	0	0	0	0	2	16	8	20	0	23	19	11	0	
24	21	17	13	12	0	0	0	6	0	1	2	16	8	0	3	23	19	0	18	9	10	25	0	5	
0	0	4	0	0	1	0	16	0	20	3	0	19	11	0	0	0	25	0	5	0	21	17	13	0	
1	0	16	0	0	0	23	19	0	18	9	10	0	22	0	24	0	0	13	0	0	15	4	0	7	
0	0	0	0	11	5	9	0	0	22	12	24	0	0	0	7	14	0	0	6	0	1	15	0	0	
5	0	23	0	0	12	0	0	17	0	7	14	0	4	6	0	0	15	16	0	0	3	2	19	11	
12	24	10	0	13	7	0	21	4	0	0	1	15	0	0	0	3	2	0	0	5	9	23	0	0	
0	0	21	0	6	0	1	0	16	0	18	3	2	0	11	5	0	0	25	22	12	0	0	17	13	
20	0	15	16	0	0	3	2	0	0	0	9	0	0	0	12	0	10	0	13	0	14	0	0	0	
0	25	11	0	3	0	17	0	5	9	0	4	13	12	0	15	0	0	7	14	2	0	8	0	0	
0	0	22	0	9	21	4	0	0	0	15	0	6	0	0	2	0	0	20	1	0	25	0	0	0	
21	4	13	12	0	0	16	6	7	0	0	19	8	20	1	0	0	11	0	0	0	0	0	0	0	
0	0	0	0	14	2	0	8	20	1	23	0	11	0	3	10	0	0	0	9	21	0	0	12	0	
0	0	8	20	0	0	0	0	18	0	10	0	22	5	9	0	4	0	0	24	0	16	6	7	14	
11	18	1	0	19	0	5	0	23	25	13	0	0	10	0	0	0	24	0	4	0	0	14	15	16	
22	5	3	0	0	0	0	0	10	0	6	7	0	21	0	8	20	0	15	16	0	0	1	0	19	
0	0	9	10	17	0	0	24	21	0	8	0	0	0	16	0	0	0	0	19	22	5	3	23	0	
6	0	0	0	4	0	20	14	0	0	11	0	1	0	0	22	0	3	23	25	0	0	9	10	17	
8	20	0	15	0	0	18	0	0	19	22	0	3	0	25	0	12	9	10	17	0	0	0	21	4	
19	11	20	1	0	0	22	0	0	23	17	13	5	9	0	0	6	0	24	0	0	0	7	14	0	
25	0	18	3	23	0	13	0	0	10	0	6	0	0	21	0	0	7	14	15	0	11	0	1	2	
17	13	0	9	0	0	0	12	24	0	0	8	0	0	15	19	0	20	1	2	0	0	0	0	0	
0	0	12	24	0	0	0	7	14	0	19	0	0	0	0	0	0	18	3	23	0	13	5	0	10	
0	8	7	0	15	19	11	20	0	2	25	22	0	0	0	0	13	5	0	10	4	0	12	24	0	

